[array([[ 1.2600000e+03,  7.9950000e+02,  1.4566490e-04,  1.2045740e+03],
       [ 8.1085258e-13,  4.4950024e+02, -1.2599999e+03,  6.1403674e+02],
       [ 1.6528572e-16,  1.0000000e+00,  1.8219500e-07,  1.5066592e+00],
       [ 0.0000000e+00,  0.0000000e+00,  0.0000000e+00,  1.0000000e+00]],
      dtype=float32), 
array([[ 1.3776184e+03, -5.7355725e+02, -1.0449926e-04, -1.5987949e+03],
       [ 3.6820886e+02,  2.5782285e+02, -1.2600000e+03,  2.1111476e+02],
       [ 8.1915206e-01,  5.7357645e-01,  1.0450276e-07,  6.1028105e-01],
       [ 0.0000000e+00,  0.0000000e+00,  0.0000000e+00,  1.0000000e+00]],
      dtype=float32), 
array([[ 6.7794250e+01,  1.4907059e+03,  2.7159919e-04,  2.5746343e+03],
       [-3.6820886e+02,  2.5782285e+02, -1.2600000e+03,  2.1111476e+02],
       [-8.1915206e-01,  5.7357645e-01,  1.0450276e-07,  6.1028105e-01],
       [ 0.0000000e+00,  0.0000000e+00,  0.0000000e+00,  1.0000000e+00]],
      dtype=float32), 
array([[-8.1000000e+02, -7.9950000e+02,  3.9936083e-29, -2.1586501e+03],
       [-4.5373790e-29, -4.4950000e+02, -8.1000000e+02, -1.2541500e+03],
       [-1.0094280e-31, -1.0000000e+00,  0.0000000e+00, -2.7000000e+00],
       [ 0.0000000e+00,  0.0000000e+00,  0.0000000e+00,  1.0000000e+00]],
      dtype=float32), 
array([[-1.1822296e+03,  9.1056763e+02,  5.8288420e-29,  1.2436035e+03],
       [-4.2239185e+02, -1.5373805e+02, -1.2600000e+03, -5.5286554e+02],
       [-9.3969262e-01, -3.4202015e-01,  4.6330423e-32, -1.0898010e+00],
       [ 0.0000000e+00,  0.0000000e+00,  0.0000000e+00,  1.0000000e+00]],
      dtype=float32), 
array([[ 3.2033884e+02, -1.4574578e+03, -1.5793924e-29, -2.9861953e+03],
       [ 4.2239185e+02, -1.5373805e+02, -1.2600000e+03, -5.5286554e+02],
       [ 9.3969262e-01, -3.4202015e-01, -4.6330423e-32, -1.0898010e+00],
       [ 0.0000000e+00,  0.0000000e+00,  0.0000000e+00,  1.0000000e+00]],
      dtype=float32)]

tensor([[ -3.3793, -15.0958,  -1.9116],
        [ 21.2386,  44.3477,  -1.8746],
        [  9.6486,  -5.7588,  -1.8292],
        [  4.7795,  12.4043,  -1.8628],
        [-13.7766,  -0.5139,  -1.8702],
        [  4.7490, -11.6644,  -1.8398],
        [-13.8721,  14.4791,  -1.7671],
        [-13.9783,  -5.2133,  -1.7368],
        [ -4.7041,  19.2442,  -1.8784],
        [ -0.2561, -38.3168,  -1.7944],
        [  9.7842,  19.8703,  -1.8251],
        [-13.6448,  28.6120,  -1.8441],
        [ 10.3286,  26.7069,  -1.8503],
        [-29.0282,  26.6711,  -1.7833],
        [-12.5613,  40.3032,  -1.8736]])


[array([[ 1.2600000e+03,  7.9950000e+02,  1.4566490e-04,  1.2045740e+03],
       [ 8.1085258e-13,  4.4950024e+02, -1.2599999e+03,  6.1403674e+02],
       [ 1.6528572e-16,  1.0000000e+00,  1.8219500e-07,  1.5066592e+00],
       [ 0.0000000e+00,  0.0000000e+00,  0.0000000e+00,  1.0000000e+00]],
      dtype=float32), 
array([[ 1.3776184e+03, -5.7355725e+02, -1.0449926e-04, -1.5987949e+03],
       [ 3.6820886e+02,  2.5782285e+02, -1.2600000e+03,  2.1111476e+02],
       [ 8.1915206e-01,  5.7357645e-01,  1.0450276e-07,  6.1028105e-01],
       [ 0.0000000e+00,  0.0000000e+00,  0.0000000e+00,  1.0000000e+00]],
      dtype=float32), 
array([[ 6.7794250e+01,  1.4907059e+03,  2.7159919e-04,  2.5746343e+03],
       [-3.6820886e+02,  2.5782285e+02, -1.2600000e+03,  2.1111476e+02],
       [-8.1915206e-01,  5.7357645e-01,  1.0450276e-07,  6.1028105e-01],
       [ 0.0000000e+00,  0.0000000e+00,  0.0000000e+00,  1.0000000e+00]],
      dtype=float32), 
array([[-8.1000000e+02, -7.9950000e+02,  3.9936083e-29, -2.1586501e+03],
       [-4.5373790e-29, -4.4950000e+02, -8.1000000e+02, -1.2541500e+03],
       [-1.0094280e-31, -1.0000000e+00,  0.0000000e+00, -2.7000000e+00],
       [ 0.0000000e+00,  0.0000000e+00,  0.0000000e+00,  1.0000000e+00]],
      dtype=float32), 
array([[-1.1822296e+03,  9.1056763e+02,  5.8288420e-29,  1.2436035e+03],
       [-4.2239185e+02, -1.5373805e+02, -1.2600000e+03, -5.5286554e+02],
       [-9.3969262e-01, -3.4202015e-01,  4.6330423e-32, -1.0898010e+00],
       [ 0.0000000e+00,  0.0000000e+00,  0.0000000e+00,  1.0000000e+00]],
      dtype=float32), 
array([[ 3.2033884e+02, -1.4574578e+03, -1.5793924e-29, -2.9861953e+03],
       [ 4.2239185e+02, -1.5373805e+02, -1.2600000e+03, -5.5286554e+02],
       [ 9.3969262e-01, -3.4202015e-01, -4.6330423e-32, -1.0898010e+00],
       [ 0.0000000e+00,  0.0000000e+00,  0.0000000e+00,  1.0000000e+00]],
      dtype=float32)]

tensor([[ 2.3842e-08, -3.8046e+01, -1.5691e+00],
        [ 2.1195e+01,  4.4362e+01, -1.5250e+00],
        [-4.6702e+01,  3.1562e+01, -1.5319e+00],
        [-3.2000e+00, -1.5370e+01, -1.5570e+00],
        [-1.4861e+01,  3.5360e+01, -1.5298e+00],
        [-1.3261e+01,  4.5579e+01, -1.5244e+00],
        [-1.2461e+01,  4.0319e+01, -1.5272e+00],
        [ 9.2000e+00,  4.4907e+01, -1.5247e+00],
        [ 1.0000e+01,  3.5385e+01, -1.5298e+00],
        [ 1.0800e+01,  3.4315e+01, -1.5304e+00],
        [ 1.0404e+01,  2.6438e+01, -1.5346e+00],
        [ 1.0401e+01,  2.7238e+01, -1.5342e+00],
        [-1.3604e+01,  2.8759e+01, -1.5334e+00],
        [-1.3930e+01, -5.8066e-01, -1.5491e+00],
        [ 9.8200e+00,  3.4993e+00, -1.5469e+00],
        [-4.8000e+00,  1.9562e+01, -1.5383e+00],
        [ 4.8000e+00, -1.1631e+01, -1.5550e+00],
        [ 4.8000e+00,  1.2392e+01, -1.5421e+00],
        [-1.3967e+01, -5.2098e+00, -1.5515e+00],
        [-1.3742e+01,  1.4535e+01, -1.5410e+00],
        [ 1.6430e+01, -1.4175e+01, -1.5563e+00],
        [-1.4398e+01,  8.4204e+00, -1.5443e+00],
        [ 9.5840e+00, -5.6836e+00, -1.5518e+00],
        [-3.4394e+01,  2.6835e+01, -1.5344e+00],
        [-2.8882e+01,  2.6602e+01, -1.5345e+00],
        [ 9.9620e+00,  2.0400e+01, -1.5378e+00]])